-4.118971 -3.993123 -0.758375 0.669258 0.425699 -0.208650 -0.125201 0.529060 -0.559755 -0.769529 0.609773 1.285624 0.000000 -0.734705 -0.059297 0.063173 -0.459294 -0.352968 -0.360808 -1.034562 0.011169 -0.184238 0.920539 -0.030584 -1.221174 0.000000 0.124302 -0.070483 -0.294953 0.304809 0.075767 0.394579 0.312587 0.147979 -0.208503 0.074112 0.109776 0.310691 0.000000 
-5.588381 -4.111718 -0.632028 -0.249331 -0.280237 -0.930265 -2.194326 0.551399 -0.928232 1.071549 0.548605 -1.156723 0.000000 -0.486100 -0.200263 -0.526734 0.150323 -0.201435 0.428351 -0.409389 0.307127 -0.601245 1.068764 0.188968 -0.599792 0.000000 0.763060 -0.017169 -0.098362 0.035044 0.244241 0.299038 0.867337 0.075771 -0.293788 -0.499815 0.082567 1.250188 0.000000 
-5.091171 -4.393650 -1.811842 0.969905 0.022830 0.648051 -0.943979 1.143314 -1.762244 1.367999 0.987709 0.086041 0.000000 0.791414 -0.093636 -0.133550 -0.389207 0.135514 0.237269 0.700111 0.162710 -0.771815 -0.079091 0.134550 1.279203 0.000000 2.646641 0.399703 0.750612 -0.347351 -0.217194 -0.031292 0.182312 -0.292750 0.606538 -0.836677 -0.382055 0.224804 0.000000 
-4.005553 -4.298990 -0.899129 -1.027745 -0.009210 -0.455727 -0.794104 0.876820 -2.471863 0.913368 0.817705 1.401683 0.000000 4.807182 0.599142 0.974491 -0.544378 -0.635823 0.365767 -0.044764 -0.278372 0.611832 -0.604591 -0.575141 -0.150183 0.000000 2.094130 -0.381869 -0.344815 0.308085 -0.051210 0.143051 -0.616430 0.012570 0.892991 -0.094321 -0.270744 -1.003749 0.000000 
4.523193 -3.195366 0.137139 -0.118851 -1.248816 1.379586 -1.033507 0.586570 -0.538581 0.158818 -0.162573 -0.214325 0.000000 4.979675 -0.857374 -0.823180 0.226963 0.033094 0.523372 -0.532749 0.187850 1.014166 -0.267733 -0.406938 -0.728294 0.000000 -2.706863 -1.034211 -1.101055 -0.069885 0.906690 -0.577301 -0.152993 0.294723 -0.291963 0.309420 0.320902 0.086839 0.000000 
5.953797 -6.013738 -2.545489 -0.573818 0.056978 0.591016 -1.859602 1.252519 -0.443530 0.377902 0.003829 -0.054906 0.000000 -0.606544 -1.469280 -1.227619 -0.684148 1.177558 -0.788836 -0.350751 0.311073 0.027905 0.014249 0.066663 0.023496 0.000000 -2.993006 0.184463 0.799560 -0.550131 0.387684 -0.594170 0.335514 -0.279974 -0.602874 -0.070700 0.255238 0.369164 0.000000 
3.310105 -6.133926 -2.318098 -1.487148 1.106300 -0.198085 -1.735010 1.208716 -0.482771 0.187316 -0.029247 -0.167334 0.000000 -1.006337 -0.488447 0.775940 -0.873298 0.808461 -0.664968 0.138279 -0.372098 -0.191581 -0.409134 0.103538 0.010034 0.000000 0.306591 0.517879 0.841317 0.252228 -0.571837 0.285397 0.304602 -0.216536 0.085651 -0.107698 0.113704 0.052612 0.000000 
3.941123 -6.990631 -0.993609 -2.320415 1.673900 -0.738920 -1.583044 0.508323 -0.826692 -0.440365 0.210904 -0.034837 0.000000 0.006638 -0.433522 0.455015 -0.179693 0.033885 -0.218042 0.258453 -0.121999 0.199206 -0.201147 0.294070 0.128720 0.000000 -0.026448 0.505870 -0.213265 0.748417 -0.763313 0.468630 0.172407 0.130679 0.206619 0.303672 -0.101244 -0.009733 0.000000 
3.323381 -7.000969 -1.408069 -1.846535 1.174070 -0.634169 -1.218104 0.964717 -0.084358 -0.214978 0.558894 0.090105 0.000000 -1.059233 0.523293 0.349409 0.623536 -0.718165 0.272292 0.483092 -0.110739 0.221656 0.198210 -0.098951 -0.009432 0.000000 -0.356975 0.238379 -0.141279 0.221586 -0.273458 0.168511 0.017994 -0.013392 -0.064580 -0.012089 -0.123359 -0.132374 0.000000 
1.822657 -5.944045 -0.294790 -1.073344 0.237570 -0.194335 -0.616860 0.286845 -0.383381 -0.043945 0.013003 -0.053702 0.000000 -0.707312 0.043236 0.172456 0.263479 -0.513031 0.118980 0.294442 -0.148784 0.070047 -0.225325 0.047353 -0.136028 0.000000 0.336374 -0.474938 -0.154742 -0.544968 0.158367 -0.180414 -0.129656 0.098963 0.057276 -0.241386 0.255971 -0.103474 0.000000 
1.908757 -6.914496 -1.063157 -1.319576 0.148007 -0.396210 -0.629221 0.667149 0.055735 -0.665628 0.653599 -0.181951 0.000000 -0.386484 -0.426584 0.039926 -0.466401 -0.401431 -0.088537 0.223779 0.087188 0.336208 -0.284561 0.412992 -0.216380 0.000000 0.247938 0.099341 0.384641 -0.137490 -0.102178 -0.008870 0.004772 0.071882 0.040290 0.092040 0.046609 0.046240 0.000000 
1.049689 -6.797212 -0.214939 -2.006146 -0.565292 -0.371408 -0.169302 0.461220 0.289036 -0.613068 0.838986 -0.486462 0.000000 -0.211436 0.241918 0.941738 -0.011500 -0.717387 0.101239 0.303986 -0.005020 0.150627 -0.041246 0.140571 -0.043548 0.000000 0.091279 0.318904 0.332820 0.362493 -0.155090 0.068296 -0.145474 -0.201990 -0.268812 0.170607 -0.232538 0.114149 0.000000 
1.485886 -6.430661 0.820318 -1.342576 -1.286766 -0.193733 -0.021248 0.657110 0.356989 -0.748120 0.934742 -0.269046 0.000000 -0.203927 0.211224 0.705566 0.258584 -0.711612 0.048055 -0.067169 -0.316793 -0.201416 0.056652 -0.052084 0.011919 0.000000 -0.190939 0.125463 -0.410645 -0.134167 -0.017944 -0.020777 -0.112483 -0.277141 -0.226864 0.215943 0.017599 -0.004648 0.000000 
0.641835 -6.374764 1.196193 -1.488977 -1.988515 -0.275299 -0.303641 -0.172365 -0.113797 -0.499764 0.734818 -0.462625 0.000000 -0.593314 0.492844 0.120447 -0.279834 -0.753275 0.059684 0.079021 -0.559301 -0.303100 0.390640 0.175770 -0.052843 0.000000 -0.241311 0.477906 -0.168963 -0.160090 0.114858 -0.088874 0.118236 0.188040 0.080804 0.092114 0.102510 -0.074381 0.000000 
0.299258 -5.444972 1.061213 -1.902245 -2.793317 -0.074365 0.136793 -0.461492 -0.249211 0.033160 1.286281 -0.374732 0.000000 -0.686548 1.167036 0.367639 -0.061596 -0.481896 -0.129693 0.169302 0.059287 -0.039808 0.240880 0.152936 -0.136842 0.000000 0.050643 0.382278 0.308663 0.195000 0.428006 -0.039006 -0.156716 0.216883 0.204269 -0.042445 -0.249595 -0.144125 0.000000 
-0.731262 -4.040693 1.931470 -1.612170 -2.952307 -0.534685 0.034964 -0.053790 -0.193414 -0.018005 1.040691 -0.736310 0.000000 -0.492027 1.257400 0.737773 0.110166 0.102737 -0.018328 -0.234412 -0.125535 0.105438 0.305749 -0.323419 -0.341094 0.000000 0.622052 -0.059959 0.128321 0.146624 0.341248 0.062022 -0.188257 -0.270697 -0.055838 0.038726 -0.359632 0.102009 0.000000 
-0.684796 -2.930171 2.536759 -1.681912 -2.587842 -0.111021 -0.332031 -0.712562 -0.038335 0.644658 0.639442 -1.056920 0.000000 0.557555 1.047117 0.624280 0.231652 0.200599 -0.005649 -0.207211 -0.482108 -0.151484 0.318332 -0.566329 0.067175 0.000000 0.463706 0.280957 -0.286497 0.188570 0.181790 0.211573 -0.024009 -0.186054 -0.120063 -0.016451 -0.204347 0.297096 0.000000 
0.383847 -1.946459 3.180030 -1.148866 -2.551108 -0.545982 -0.379457 -1.018006 -0.496383 0.618660 -0.091966 -0.601960 0.000000 0.435385 1.819314 0.164779 0.487307 0.466318 0.404817 -0.282431 -0.497643 -0.134687 0.272848 -0.732113 0.253097 0.000000 -0.262523 0.126251 0.235825 0.115217 0.226018 0.005682 0.197136 0.323620 0.050850 -0.121837 0.145219 0.094506 0.000000 
0.185974 0.708456 2.866318 -0.707299 -1.655206 0.698613 -0.896893 -1.707849 -0.307709 1.190353 -0.824784 -0.550726 0.000000 0.032509 1.299618 1.095930 0.462086 0.652635 0.005715 0.187061 0.165133 -0.049784 0.074658 -0.275891 0.256186 0.000000 0.099673 -0.659214 0.460784 0.023869 0.153974 -0.508492 0.423217 0.448454 0.071094 -0.285889 0.383810 0.052294 0.000000 
0.448865 0.652777 5.371890 -0.224693 -1.245838 -0.534552 -0.005336 -0.687740 -0.595950 0.767976 -0.643748 -0.089587 0.000000 0.634732 0.500885 1.086346 0.535044 0.774267 -0.612166 0.564002 0.399265 0.007501 -0.298931 0.035506 0.357686 0.000000 0.106645 -0.776470 -1.097795 0.044571 0.071461 0.573476 0.030279 -0.133315 0.101929 -0.024245 0.163481 0.028733 0.000000 
1.455439 1.710225 5.039011 0.362789 -0.106672 -0.525718 0.231112 -0.909319 -0.292707 0.592492 -0.753771 0.164645 0.000000 0.245799 -0.253321 -1.099660 0.551227 0.795557 1.152667 0.247619 -0.101498 0.154074 0.026168 0.051070 0.313652 0.000000 -0.392339 -0.622824 -0.588727 0.172893 -0.310655 0.510068 -0.070769 -0.313060 0.162355 0.080834 0.014047 -0.127186 0.000000 
0.940463 0.146135 3.172569 0.877762 0.345277 1.770781 0.489902 -0.890736 -0.287801 0.820312 -0.541607 0.537717 0.000000 -0.149946 -0.744763 -0.091108 0.880829 0.152956 0.407971 0.422465 -0.226855 0.332210 -0.137262 0.063600 0.103313 0.000000 -0.128840 0.103086 0.509211 -0.129726 -0.218089 -0.878624 0.183070 0.411402 -0.022943 -0.243595 -0.181457 -0.323823 0.000000 
1.155547 0.220698 4.856794 2.124447 0.199240 0.290223 1.076042 -1.363029 0.371714 0.317968 -0.626571 0.371271 0.000000 -0.011882 -0.047150 -0.081239 0.291775 0.359379 -0.604581 0.613759 0.721307 0.108189 -0.461022 -0.311844 -0.333994 0.000000 -0.289341 0.192982 -0.436208 -0.680120 -0.112910 -0.221985 0.032258 0.780925 0.100322 -0.069162 0.248718 0.047810 0.000000 
0.916700 0.051836 3.010092 1.461311 1.064036 0.561620 1.717421 0.551878 -0.071424 -0.101732 -1.165296 -0.130271 0.000000 -0.728628 -0.358799 -0.963525 -0.479411 -0.072864 -0.035999 0.486982 1.334995 0.532854 -0.275585 0.561036 0.198933 0.000000 -0.057426 -0.024889 0.041285 -0.392593 -0.320622 -0.190969 -0.610148 -0.518528 0.041240 0.089215 0.584245 0.390874 0.000000 
-0.301709 -0.496899 2.929745 1.165624 0.053511 0.218225 2.050006 1.306961 1.437422 -0.233202 0.495501 0.769138 0.000000 -0.126733 -0.096927 0.001332 -0.493412 -0.281864 -0.986518 -0.606537 -0.315749 0.190668 -0.282592 0.856646 0.447753 0.000000 0.048805 0.100180 0.078581 0.336698 -0.112401 -0.079048 -0.457275 -1.046245 -0.742510 0.217522 -0.645438 -0.248426 0.000000 
0.663234 -0.142019 3.012756 0.474488 0.500308 -1.411417 0.504346 -0.079620 0.309912 -0.666917 0.547997 0.765235 0.000000 -0.631018 -0.158439 -0.806362 0.193984 -0.297666 -0.194095 -0.427569 -0.757495 -0.952166 0.159460 -0.729839 -0.297919 0.000000 -1.570713 0.614348 -1.386314 -0.011593 -0.087148 0.469257 0.267115 -0.037793 -0.351232 0.063999 -0.671361 -0.178265 0.000000 
-1.563745 -0.813778 1.317021 1.553592 -0.541821 -0.169964 1.194868 -0.208030 -0.466911 0.085717 -0.964178 0.173300 0.000000 -3.268159 1.131769 -2.771295 -0.516598 -0.456160 -0.048004 -0.072307 -0.391336 -0.511795 -0.154595 -0.486076 0.091222 0.000000 -0.585846 0.978321 0.018663 -0.329678 0.187178 0.035548 -0.079519 0.377108 0.381067 -0.085844 0.514705 0.152253 0.000000 
-5.873085 2.121519 -2.529834 -0.558708 -0.412013 -1.507426 0.359732 -0.862291 -0.713679 -0.976108 -0.424155 0.947679 0.000000 -1.802710 1.798204 -0.769036 -0.465371 0.076689 -0.122999 -0.586606 -0.003279 -0.190032 -0.012227 0.299570 0.006588 0.000000 0.780688 -0.856716 1.476428 0.385589 0.498613 0.587616 -0.003097 0.193306 0.522306 0.471401 0.189075 0.017534 0.000000 
-5.169164 2.782630 -0.221050 0.622849 -0.388442 -0.415963 0.021655 -0.214587 -0.846975 0.061263 -0.365037 0.186477 0.000000 -1.706783 -0.581663 0.181561 0.254579 0.541065 1.127227 -0.078502 -0.004723 0.532816 0.788208 -0.107926 0.126290 0.000000 0.079801 -0.791470 0.084636 0.297471 0.386498 0.107837 0.377757 -0.073433 0.379792 0.262763 -0.554672 0.127706 0.000000 
-9.286651 0.958193 -2.166712 -0.049551 0.670118 0.747028 0.202728 -0.871737 0.351954 0.600307 -0.640006 1.200258 0.000000 -1.643108 0.215263 -0.599764 0.129571 0.849686 0.092675 0.168908 -0.150145 0.569551 0.513299 -0.809774 0.262001 0.000000 1.241989 0.791077 0.138005 -0.077479 -0.150742 -0.867765 -0.133956 0.136500 -0.639304 -0.586324 0.027376 -0.274135 0.000000 
-8.455380 3.213155 -1.420579 0.881992 1.310930 -0.230614 0.359472 -0.514877 0.292128 1.087860 -1.984585 0.710478 0.000000 0.777195 1.000490 0.457572 0.099620 0.239582 -0.608304 -0.346415 0.268277 -0.745792 -0.384440 -0.053174 -0.421981 0.000000 1.202928 -0.136327 0.090448 -0.214576 -0.562917 0.045989 -0.252828 -0.194724 -0.121717 -0.410643 0.657370 -0.073134 0.000000 
-7.732262 2.959174 -1.251568 0.149690 1.149281 -0.469580 -0.490101 -0.335182 -1.139630 -0.168572 -0.746355 0.356296 0.000000 0.762748 -0.057390 -0.418868 -0.299581 -0.276148 0.184652 -0.336748 -0.539594 0.326117 -0.307988 0.504967 0.115733 0.000000 -0.036637 -0.412878 -0.186981 0.240968 0.115687 0.238477 0.373792 -0.332662 0.587521 0.474171 0.094311 0.126346 0.000000 
-6.929885 3.098375 -2.258314 0.282829 0.758633 0.138690 -0.314024 -1.594065 0.944362 0.471885 -0.974651 0.941945 0.000000 0.703920 0.174734 0.083609 0.581557 0.470956 -0.131350 0.401170 -0.397047 0.429250 0.563903 0.135447 -0.169289 0.000000 -0.367294 -0.144368 0.258358 -0.044881 0.085440 -0.116234 0.704490 0.564026 -0.168722 0.030546 -0.394580 0.141410 0.000000 
-6.324422 3.308642 -1.084349 1.312805 2.091193 -0.732280 0.312239 -1.129277 -0.281131 0.959233 -0.475460 0.017718 0.000000 0.028159 -0.346127 0.097849 -0.389344 -0.105268 -0.047817 1.072232 0.588458 -0.011327 -0.246895 -0.284193 0.398553 0.000000 -1.005581 0.202368 -0.022928 -0.561948 -0.592317 0.017019 0.091879 0.164058 -0.303202 -0.467416 -0.191193 0.145205 0.000000 
-6.873566 2.406122 -2.062617 -0.495859 0.548097 0.043056 1.830439 -0.417148 0.921708 -0.021905 -1.543037 1.739051 0.000000 -1.307242 0.579470 0.037753 -0.542338 -0.713679 -0.097313 0.584927 -0.068932 -0.177154 -0.370929 -0.246938 0.121120 0.000000 1.255783 -0.396881 0.454884 0.392907 -0.044301 0.027856 -1.013532 -0.171407 -0.207903 0.129183 0.552495 -0.635078 0.000000 
-8.938905 4.467582 -1.008844 0.228129 0.663835 -0.926906 1.482094 -1.267142 -0.635440 0.217375 -0.969336 0.259958 0.000000 2.539726 -1.139890 1.007616 0.396470 -0.193870 0.007895 -0.954833 0.245644 -0.427133 0.011471 0.820797 -0.871604 0.000000 2.438943 -1.395389 0.188077 0.230686 0.180979 0.292064 -0.654851 0.368616 0.269092 0.150673 0.396435 -0.107360 0.000000 
-1.794113 0.126342 -0.047384 0.297081 0.160356 0.058845 -0.079226 0.074140 0.067442 0.001036 0.098556 -0.004157 0.000000 3.570645 -2.211309 0.413907 -0.080966 -0.351721 0.486816 -0.724775 0.668300 0.361029 -0.069583 0.545931 -0.093599 0.000000 -0.020995 0.787130 -0.385605 -0.192976 0.099978 0.019607 0.521859 -0.112245 0.221606 0.018255 -0.416445 0.451881 0.000000 
-1.797616 0.044964 -0.181030 0.066198 -0.039606 0.046726 0.032544 0.069458 0.086618 0.078208 0.122526 0.072759 0.000000 2.497737 0.434371 0.236406 0.010519 0.006086 0.047108 0.088885 0.021155 0.016079 0.047981 -0.012093 0.032159 0.000000 -0.535578 1.343185 -0.055339 0.103463 0.228894 -0.216824 0.378887 -0.322402 -0.177268 0.039489 -0.285005 0.043650 0.000000 
3.201361 0.995084 0.425429 0.318119 0.172529 0.153060 0.098544 0.116449 0.099601 0.096998 0.074370 0.060162 0.000000 2.499489 0.475060 0.303229 0.125960 0.106067 0.053167 0.033000 0.023496 0.006492 0.009395 -0.024078 -0.006299 0.000000 -1.248869 -0.217185 -0.118203 -0.005259 -0.003043 -0.023554 -0.044443 -0.010577 -0.008040 -0.023991 0.006047 -0.016080 0.000000 
3.201361 0.995084 0.425429 0.318119 0.172529 0.153060 0.098544 0.116449 0.099601 0.096998 0.074370 0.060162 0.000000 0.000000 0.000000 0.000000 0.000000 0.000000 0.000000 0.000000 0.000000 0.000000 0.000000 0.000000 0.000000 0.000000 -1.249744 -0.237530 -0.151615 -0.062980 -0.053034 -0.026584 -0.016500 -0.011748 -0.003246 -0.004698 0.012039 0.003149 0.000000 
3.201361 0.995084 0.425429 0.318119 0.172529 0.153060 0.098544 0.116449 0.099601 0.096998 0.074370 0.060162 0.000000 0.000000 0.000000 0.000000 0.000000 0.000000 0.000000 0.000000 0.000000 0.000000 0.000000 0.000000 0.000000 0.000000 0.000000 0.000000 0.000000 0.000000 0.000000 0.000000 0.000000 0.000000 0.000000 0.000000 0.000000 0.000000 0.000000 
3.201361 0.995084 0.425429 0.318119 0.172529 0.153060 0.098544 0.116449 0.099601 0.096998 0.074370 0.060162 0.000000 0.000000 0.000000 0.000000 0.000000 0.000000 0.000000 0.000000 0.000000 0.000000 0.000000 0.000000 0.000000 0.000000 0.000000 0.000000 0.000000 0.000000 0.000000 0.000000 0.000000 0.000000 0.000000 0.000000 0.000000 0.000000 0.000000 
3.201361 0.995084 0.425429 0.318119 0.172529 0.153060 0.098544 0.116449 0.099601 0.096998 0.074370 0.060162 0.000000 0.000000 0.000000 0.000000 0.000000 0.000000 0.000000 0.000000 0.000000 0.000000 0.000000 0.000000 0.000000 0.000000 0.000000 0.000000 0.000000 0.000000 0.000000 0.000000 0.000000 0.000000 0.000000 0.000000 0.000000 0.000000 0.000000 
3.201361 0.995084 0.425429 0.318119 0.172529 0.153060 0.098544 0.116449 0.099601 0.096998 0.074370 0.060162 0.000000 0.000000 0.000000 0.000000 0.000000 0.000000 0.000000 0.000000 0.000000 0.000000 0.000000 0.000000 0.000000 0.000000 0.000000 0.000000 0.000000 0.000000 0.000000 0.000000 0.000000 0.000000 0.000000 0.000000 0.000000 0.000000 0.000000 
3.201361 0.995084 0.425429 0.318119 0.172529 0.153060 0.098544 0.116449 0.099601 0.096998 0.074370 0.060162 0.000000 0.000000 0.000000 0.000000 0.000000 0.000000 0.000000 0.000000 0.000000 0.000000 0.000000 0.000000 0.000000 0.000000 0.000000 0.000000 0.000000 0.000000 0.000000 0.000000 0.000000 0.000000 0.000000 0.000000 0.000000 0.000000 0.000000 
3.201361 0.995084 0.425429 0.318119 0.172529 0.153060 0.098544 0.116449 0.099601 0.096998 0.074370 0.060162 0.000000 0.000000 0.000000 0.000000 0.000000 0.000000 0.000000 0.000000 0.000000 0.000000 0.000000 0.000000 0.000000 0.000000 0.000000 0.000000 0.000000 0.000000 0.000000 0.000000 0.000000 0.000000 0.000000 0.000000 0.000000 0.000000 0.000000 
3.201361 0.995084 0.425429 0.318119 0.172529 0.153060 0.098544 0.116449 0.099601 0.096998 0.074370 0.060162 0.000000 0.000000 0.000000 0.000000 0.000000 0.000000 0.000000 0.000000 0.000000 0.000000 0.000000 0.000000 0.000000 0.000000 0.000000 0.000000 0.000000 0.000000 0.000000 0.000000 0.000000 0.000000 0.000000 0.000000 0.000000 0.000000 0.000000 
3.201361 0.995084 0.425429 0.318119 0.172529 0.153060 0.098544 0.116449 0.099601 0.096998 0.074370 0.060162 0.000000 0.000000 0.000000 0.000000 0.000000 0.000000 0.000000 0.000000 0.000000 0.000000 0.000000 0.000000 0.000000 0.000000 0.000000 0.000000 0.000000 0.000000 0.000000 0.000000 0.000000 0.000000 0.000000 0.000000 0.000000 0.000000 0.000000 
3.201361 0.995084 0.425429 0.318119 0.172529 0.153060 0.098544 0.116449 0.099601 0.096998 0.074370 0.060162 0.000000 0.000000 0.000000 0.000000 0.000000 0.000000 0.000000 0.000000 0.000000 0.000000 0.000000 0.000000 0.000000 0.000000 0.000000 0.000000 0.000000 0.000000 0.000000 0.000000 0.000000 0.000000 0.000000 0.000000 0.000000 0.000000 0.000000 
3.201361 0.995084 0.425429 0.318119 0.172529 0.153060 0.098544 0.116449 0.099601 0.096998 0.074370 0.060162 0.000000 0.000000 0.000000 0.000000 0.000000 0.000000 0.000000 0.000000 0.000000 0.000000 0.000000 0.000000 0.000000 0.000000 0.000000 0.000000 0.000000 0.000000 0.000000 0.000000 0.000000 0.000000 0.000000 0.000000 0.000000 0.000000 0.000000 
3.201361 0.995084 0.425429 0.318119 0.172529 0.153060 0.098544 0.116449 0.099601 0.096998 0.074370 0.060162 0.000000 0.000000 0.000000 0.000000 0.000000 0.000000 0.000000 0.000000 0.000000 0.000000 0.000000 0.000000 0.000000 0.000000 0.000000 0.000000 0.000000 0.000000 0.000000 0.000000 0.000000 0.000000 0.000000 0.000000 0.000000 0.000000 0.000000 
3.201361 0.995084 0.425429 0.318119 0.172529 0.153060 0.098544 0.116449 0.099601 0.096998 0.074370 0.060162 0.000000 0.000000 0.000000 0.000000 0.000000 0.000000 0.000000 0.000000 0.000000 0.000000 0.000000 0.000000 0.000000 0.000000 0.000000 0.000000 0.000000 0.000000 0.000000 0.000000 0.000000 0.000000 0.000000 0.000000 0.000000 0.000000 0.000000 
3.201361 0.995084 0.425429 0.318119 0.172529 0.153060 0.098544 0.116449 0.099601 0.096998 0.074370 0.060162 0.000000 0.000000 0.000000 0.000000 0.000000 0.000000 0.000000 0.000000 0.000000 0.000000 0.000000 0.000000 0.000000 0.000000 0.000000 0.000000 0.000000 0.000000 0.000000 0.000000 0.000000 0.000000 0.000000 0.000000 0.000000 0.000000 0.000000 
3.201361 0.995084 0.425429 0.318119 0.172529 0.153060 0.098544 0.116449 0.099601 0.096998 0.074370 0.060162 0.000000 0.000000 0.000000 0.000000 0.000000 0.000000 0.000000 0.000000 0.000000 0.000000 0.000000 0.000000 0.000000 0.000000 0.000000 0.000000 0.000000 0.000000 0.000000 0.000000 0.000000 0.000000 0.000000 0.000000 0.000000 0.000000 0.000000 
3.201361 0.995084 0.425429 0.318119 0.172529 0.153060 0.098544 0.116449 0.099601 0.096998 0.074370 0.060162 0.000000 0.000000 0.000000 0.000000 0.000000 0.000000 0.000000 0.000000 0.000000 0.000000 0.000000 0.000000 0.000000 0.000000 0.000000 0.000000 0.000000 0.000000 0.000000 0.000000 0.000000 0.000000 0.000000 0.000000 0.000000 0.000000 0.000000 
3.201361 0.995084 0.425429 0.318119 0.172529 0.153060 0.098544 0.116449 0.099601 0.096998 0.074370 0.060162 0.000000 0.000000 0.000000 0.000000 0.000000 0.000000 0.000000 0.000000 0.000000 0.000000 0.000000 0.000000 0.000000 0.000000 0.000000 0.000000 0.000000 0.000000 0.000000 0.000000 0.000000 0.000000 0.000000 0.000000 0.000000 0.000000 0.000000 
3.201361 0.995084 0.425429 0.318119 0.172529 0.153060 0.098544 0.116449 0.099601 0.096998 0.074370 0.060162 0.000000 0.000000 0.000000 0.000000 0.000000 0.000000 0.000000 0.000000 0.000000 0.000000 0.000000 0.000000 0.000000 0.000000 0.000000 0.000000 0.000000 0.000000 0.000000 0.000000 0.000000 0.000000 0.000000 0.000000 0.000000 0.000000 0.000000 
3.201361 0.995084 0.425429 0.318119 0.172529 0.153060 0.098544 0.116449 0.099601 0.096998 0.074370 0.060162 0.000000 0.000000 0.000000 0.000000 0.000000 0.000000 0.000000 0.000000 0.000000 0.000000 0.000000 0.000000 0.000000 0.000000 0.000000 0.000000 0.000000 0.000000 0.000000 0.000000 0.000000 0.000000 0.000000 0.000000 0.000000 0.000000 0.000000 
3.201361 0.995084 0.425429 0.318119 0.172529 0.153060 0.098544 0.116449 0.099601 0.096998 0.074370 0.060162 0.000000 0.000000 0.000000 0.000000 0.000000 0.000000 0.000000 0.000000 0.000000 0.000000 0.000000 0.000000 0.000000 0.000000 0.000000 0.000000 0.000000 0.000000 0.000000 0.000000 0.000000 0.000000 0.000000 0.000000 0.000000 0.000000 0.000000 
3.201361 0.995084 0.425429 0.318119 0.172529 0.153060 0.098544 0.116449 0.099601 0.096998 0.074370 0.060162 0.000000 0.000000 0.000000 0.000000 0.000000 0.000000 0.000000 0.000000 0.000000 0.000000 0.000000 0.000000 0.000000 0.000000 0.000000 0.000000 0.000000 0.000000 0.000000 0.000000 0.000000 0.000000 0.000000 0.000000 0.000000 0.000000 0.000000 
3.201361 0.995084 0.425429 0.318119 0.172529 0.153060 0.098544 0.116449 0.099601 0.096998 0.074370 0.060162 0.000000 0.000000 0.000000 0.000000 0.000000 0.000000 0.000000 0.000000 0.000000 0.000000 0.000000 0.000000 0.000000 0.000000 0.000000 0.000000 0.000000 0.000000 0.000000 0.000000 0.000000 0.000000 0.000000 0.000000 0.000000 0.000000 0.000000 
3.201361 0.995084 0.425429 0.318119 0.172529 0.153060 0.098544 0.116449 0.099601 0.096998 0.074370 0.060162 0.000000 0.000000 0.000000 0.000000 0.000000 0.000000 0.000000 0.000000 0.000000 0.000000 0.000000 0.000000 0.000000 0.000000 0.000000 0.000000 0.000000 0.000000 0.000000 0.000000 0.000000 0.000000 0.000000 0.000000 0.000000 0.000000 0.000000 
3.201361 0.995084 0.425429 0.318119 0.172529 0.153060 0.098544 0.116449 0.099601 0.096998 0.074370 0.060162 0.000000 0.000000 0.000000 0.000000 0.000000 0.000000 0.000000 0.000000 0.000000 0.000000 0.000000 0.000000 0.000000 0.000000 0.000000 0.000000 0.000000 0.000000 0.000000 0.000000 0.000000 0.000000 0.000000 0.000000 0.000000 0.000000 0.000000 
3.201361 0.995084 0.425429 0.318119 0.172529 0.153060 0.098544 0.116449 0.099601 0.096998 0.074370 0.060162 0.000000 0.000000 0.000000 0.000000 0.000000 0.000000 0.000000 0.000000 0.000000 0.000000 0.000000 0.000000 0.000000 0.000000 0.000000 0.000000 0.000000 0.000000 0.000000 0.000000 0.000000 0.000000 0.000000 0.000000 0.000000 0.000000 0.000000 
3.201361 0.995084 0.425429 0.318119 0.172529 0.153060 0.098544 0.116449 0.099601 0.096998 0.074370 0.060162 0.000000 0.000000 0.000000 0.000000 0.000000 0.000000 0.000000 0.000000 0.000000 0.000000 0.000000 0.000000 0.000000 0.000000 0.000000 0.000000 0.000000 0.000000 0.000000 0.000000 0.000000 0.000000 0.000000 0.000000 0.000000 0.000000 0.000000 
3.201361 0.995084 0.425429 0.318119 0.172529 0.153060 0.098544 0.116449 0.099601 0.096998 0.074370 0.060162 0.000000 0.000000 0.000000 0.000000 0.000000 0.000000 0.000000 0.000000 0.000000 0.000000 0.000000 0.000000 0.000000 0.000000 0.000000 0.000000 0.000000 0.000000 0.000000 0.000000 0.000000 0.000000 0.000000 0.000000 0.000000 0.000000 0.000000 
3.201361 0.995084 0.425429 0.318119 0.172529 0.153060 0.098544 0.116449 0.099601 0.096998 0.074370 0.060162 0.000000 0.000000 0.000000 0.000000 0.000000 0.000000 0.000000 0.000000 0.000000 0.000000 0.000000 0.000000 0.000000 0.000000 0.000000 0.000000 0.000000 0.000000 0.000000 0.000000 0.000000 0.000000 0.000000 0.000000 0.000000 0.000000 0.000000 
3.201361 0.995084 0.425429 0.318119 0.172529 0.153060 0.098544 0.116449 0.099601 0.096998 0.074370 0.060162 0.000000 0.000000 0.000000 0.000000 0.000000 0.000000 0.000000 0.000000 0.000000 0.000000 0.000000 0.000000 0.000000 0.000000 0.000000 0.000000 0.000000 0.000000 0.000000 0.000000 0.000000 0.000000 0.000000 0.000000 0.000000 0.000000 0.000000 
3.201361 0.995084 0.425429 0.318119 0.172529 0.153060 0.098544 0.116449 0.099601 0.096998 0.074370 0.060162 0.000000 0.000000 0.000000 0.000000 0.000000 0.000000 0.000000 0.000000 0.000000 0.000000 0.000000 0.000000 0.000000 0.000000 0.000000 0.000000 0.000000 0.000000 0.000000 0.000000 0.000000 0.000000 0.000000 0.000000 0.000000 0.000000 0.000000 
3.201361 0.995084 0.425429 0.318119 0.172529 0.153060 0.098544 0.116449 0.099601 0.096998 0.074370 0.060162 0.000000 0.000000 0.000000 0.000000 0.000000 0.000000 0.000000 0.000000 0.000000 0.000000 0.000000 0.000000 0.000000 0.000000 0.000000 0.000000 0.000000 0.000000 0.000000 0.000000 0.000000 0.000000 0.000000 0.000000 0.000000 0.000000 0.000000 
3.201361 0.995084 0.425429 0.318119 0.172529 0.153060 0.098544 0.116449 0.099601 0.096998 0.074370 0.060162 0.000000 0.000000 0.000000 0.000000 0.000000 0.000000 0.000000 0.000000 0.000000 0.000000 0.000000 0.000000 0.000000 0.000000 0.000000 0.000000 0.000000 0.000000 0.000000 0.000000 0.000000 0.000000 0.000000 0.000000 0.000000 0.000000 0.000000 
3.201361 0.995084 0.425429 0.318119 0.172529 0.153060 0.098544 0.116449 0.099601 0.096998 0.074370 0.060162 0.000000 0.000000 0.000000 0.000000 0.000000 0.000000 0.000000 0.000000 0.000000 0.000000 0.000000 0.000000 0.000000 0.000000 0.000000 0.000000 0.000000 0.000000 0.000000 0.000000 0.000000 0.000000 0.000000 0.000000 0.000000 0.000000 0.000000 
3.201361 0.995084 0.425429 0.318119 0.172529 0.153060 0.098544 0.116449 0.099601 0.096998 0.074370 0.060162 0.000000 0.000000 0.000000 0.000000 0.000000 0.000000 0.000000 0.000000 0.000000 0.000000 0.000000 0.000000 0.000000 0.000000 0.000000 0.000000 0.000000 0.000000 0.000000 0.000000 0.000000 0.000000 0.000000 0.000000 0.000000 0.000000 0.000000 
