-0.689140 -1.143589 -0.041049 -1.340145 0.243015 -0.715544 1.835381 -0.707892 1.376669 0.112792 -0.600358 -0.269018 0.000000 0.232371 0.407053 0.135886 0.476643 -0.035374 0.679854 -0.482663 -0.576035 -0.597040 0.017793 0.041442 0.075429 0.000000 0.763691 0.077717 0.600831 0.959661 0.034094 0.132651 -0.066107 -0.351726 0.245388 -0.235567 0.405487 0.138093 0.000000 
-0.224399 -0.329483 0.230722 -0.386860 0.172267 0.644163 0.870056 -1.859961 0.182588 0.148379 -0.517473 -0.118160 0.000000 1.759752 0.562487 1.337548 2.395964 0.032815 0.945155 -0.614877 -1.279487 -0.106265 -0.453341 0.852417 0.351616 0.000000 0.278023 -0.043394 0.090236 0.345792 0.118991 -0.444520 0.041098 0.215106 0.604436 -0.062039 0.392481 0.127409 0.000000 
2.830364 -0.018616 2.634046 3.451782 0.308645 1.174765 0.605627 -3.266867 1.164139 -0.793890 1.104476 0.434213 0.000000 0.788416 0.320265 0.316358 1.168226 0.202608 -0.209186 -0.400467 -0.145822 0.611832 -0.106286 0.826404 0.330247 0.000000 -0.942256 -0.265809 -0.772120 -1.477440 0.175542 -0.321992 0.167634 0.742083 0.083833 0.296757 -0.497271 -0.043281 0.000000 
1.352433 0.311047 0.863438 1.949592 0.577483 0.225792 0.069122 -2.151605 1.406252 -0.064192 1.135335 0.542334 0.000000 -0.124761 0.030868 -0.206692 -0.558917 0.383899 0.301171 -0.279609 0.204678 0.061402 0.140174 -0.142125 0.265053 0.000000 0.099921 -0.383008 0.088260 -0.966138 -0.251319 0.390211 0.255348 0.164136 -0.330072 0.321546 -0.578552 -0.032061 0.000000 
2.580842 0.043121 2.220662 2.333949 1.076442 1.777107 0.046409 -2.857510 1.286942 -0.513543 0.820226 0.964320 0.000000 0.988258 -0.445750 0.492877 -0.764049 -0.300030 0.571237 0.110228 0.182450 -0.048313 0.536807 -0.330699 0.266125 0.000000 0.269841 -0.276680 0.281843 0.328712 -0.334009 -0.255759 0.466220 -0.293172 -0.094997 0.023319 -0.043436 -0.078869 0.000000 
3.328949 -0.580454 1.849193 0.421494 -0.022577 1.368265 0.289578 -1.786705 1.309626 1.009421 0.473938 1.074585 0.000000 0.414921 -0.522493 0.356993 0.098508 -0.284120 -0.210347 0.652830 -0.381667 -0.128593 0.186811 -0.228997 0.107315 0.000000 -0.596229 -0.083550 -0.399754 0.781283 0.600292 -0.181780 -0.524549 -0.187940 -0.203560 -0.498785 0.115661 -0.369968 0.000000 
3.410684 -1.001864 2.934648 2.530966 0.508203 1.356414 1.352069 -3.620843 1.029757 -0.139921 0.362233 1.178949 0.000000 -0.204201 -0.612851 -0.306630 0.798517 0.900553 0.207677 -0.938869 -0.193431 -0.455433 -0.460763 -0.099376 -0.473810 0.000000 0.074095 -0.222479 -0.748074 0.060652 0.101762 0.028550 -0.865582 0.338653 0.403489 -0.161582 -0.149920 -0.584631 0.000000 
2.920548 -1.806156 1.235933 2.018528 1.778529 1.783619 -1.588160 -2.173566 0.398760 0.087896 0.275185 0.126966 0.000000 0.563111 -0.967450 -1.139154 0.219813 -0.080595 -0.153247 -1.078335 0.295639 0.678385 -0.136354 -0.528837 -1.061948 0.000000 0.503591 -0.091737 0.200608 -0.168498 -1.101211 -0.589741 0.586899 -0.152386 0.693085 -0.092859 -0.352521 0.105168 0.000000 
4.536906 -2.936763 0.656339 2.970592 0.347013 1.049920 -0.804600 -3.029565 2.386527 -0.412628 -0.695441 -0.944947 0.000000 0.802982 -0.796324 0.094585 0.461521 -1.301870 -0.971805 0.234930 -0.498202 0.930737 -0.646480 -0.804418 -0.263474 0.000000 -0.496377 0.105066 1.128408 -0.507713 -0.276466 -0.503168 0.692062 0.169722 -0.540376 -0.059106 0.241625 0.810691 0.000000 
4.526511 -3.398804 1.425103 2.941570 -0.825210 -0.159990 -1.118300 -3.169970 2.260235 -1.205064 -1.333651 -0.399982 0.000000 -0.429644 -0.757317 1.117662 -0.795613 -0.633526 -1.159582 0.305789 0.635082 -0.402368 -0.254566 -0.045587 0.559433 0.000000 -0.761213 0.200826 0.204076 -0.316846 0.232362 0.197209 0.087094 0.595834 -0.579839 0.256509 0.647027 0.289385 0.000000 
3.677618 -4.451398 2.891664 1.379366 -0.920040 -1.269244 -0.193022 -1.759400 1.581791 -0.921760 -0.786616 0.173919 0.000000 -0.719444 -0.394673 0.502737 -0.172170 -0.837146 -0.577387 0.409118 0.693466 -0.228941 -0.133461 0.489636 0.315296 0.000000 -0.152079 0.359030 -0.711286 0.571215 -0.177356 0.494519 -0.211096 -0.406704 0.186157 -0.080532 0.157781 -0.242161 0.000000 
3.087623 -4.188150 2.430577 2.597230 -2.499502 -1.314764 -0.300065 -1.783037 1.802353 -1.471987 -0.354380 0.230609 0.000000 -0.733803 -0.039256 -0.304910 0.346817 -0.988238 -0.170544 -0.116403 -0.178325 -0.030054 -0.415630 0.269974 0.075111 0.000000 0.112747 0.184000 -0.161838 -0.095613 0.181819 0.296284 -0.179137 -0.486900 0.073878 0.027126 -0.160139 -0.061179 0.000000 
2.210013 -4.529911 2.281845 2.073000 -2.896516 -1.610332 -0.425827 -2.116051 1.521683 -1.753020 -0.246667 0.324141 0.000000 -0.493949 -0.026673 0.179062 -0.363397 -0.473507 0.015181 0.050844 -0.280335 -0.081184 -0.079209 0.169358 0.192938 0.000000 0.188661 0.143820 0.327476 -0.478157 0.642677 0.166759 0.213165 0.259495 0.071591 0.477381 -0.029359 -0.005708 0.000000 
2.099724 -4.241496 2.788700 1.870436 -3.446517 -1.284401 -0.198377 -2.343706 1.639984 -1.630406 -0.015665 0.616486 0.000000 -0.356481 0.248384 0.350042 -0.609498 0.297115 0.162974 0.309926 0.340665 0.113127 0.539133 0.211256 0.063696 0.000000 0.151599 0.046817 -0.035747 -0.044742 0.513245 -0.006391 0.123129 0.300759 -0.014886 0.249926 -0.013136 -0.087880 0.000000 
1.497051 -4.033143 2.981928 0.854004 -2.302285 -1.284383 0.194026 -1.434720 1.747937 -0.674755 0.175845 0.451533 0.000000 -0.190751 0.066960 0.107567 -0.452881 0.552983 0.002399 0.297103 0.321183 -0.110955 0.420643 0.143085 0.017179 0.000000 0.479773 -0.261042 -0.250830 0.471242 -0.327271 -0.095586 -0.072042 -0.478777 -0.058425 -0.507633 -0.084449 -0.099415 0.000000 
1.718222 -4.107576 3.003833 0.964673 -2.340551 -1.279604 0.395828 -1.701340 1.418073 -0.789119 0.270504 0.650844 0.000000 0.603065 -0.273699 -0.151619 0.332987 -0.357426 -0.028198 0.165842 -0.616888 -0.003722 -0.476133 0.042357 -0.135135 0.000000 0.447310 -0.062450 -0.194695 0.493106 -0.364124 -0.112305 -0.082759 -0.476203 0.213818 -0.478136 -0.134932 -0.198749 0.000000 
2.703181 -4.580541 2.678690 1.519978 -3.017138 -1.340780 0.525710 -2.668497 1.740493 -1.627020 0.260559 0.181263 0.000000 0.703868 -0.057939 -0.281823 0.533331 -0.175265 -0.222211 0.131584 -0.631223 0.316680 -0.535628 -0.126780 -0.380318 0.000000 -0.260060 0.484599 -0.202463 -0.314815 0.620739 0.110730 -0.147139 0.683619 -0.176947 0.396733 -0.152916 -0.037864 0.000000 
3.125958 -4.223455 2.440187 2.031336 -2.691080 -1.724026 0.658996 -2.963787 2.051434 -1.860376 0.016944 -0.109793 0.000000 0.082945 0.695500 -0.556545 -0.296644 0.884051 0.193261 -0.128435 0.750350 -0.357616 0.317333 -0.263475 -0.210863 0.000000 -0.210003 0.196621 0.043229 -0.231757 0.616751 0.186134 -0.211196 0.593332 -0.214423 0.590447 0.006110 0.084090 0.000000 
2.869071 -3.189542 1.565599 0.926691 -1.249036 -0.954258 0.268841 -1.167796 1.025262 -0.992354 -0.266390 -0.240462 0.000000 0.283861 0.335302 -0.195366 0.069818 1.058238 0.150057 -0.290809 0.555441 -0.112165 0.645266 -0.114560 -0.212138 0.000000 0.641030 -0.576692 0.328913 0.735195 -0.246900 -0.054736 0.104034 -0.794263 0.616566 -0.269527 -0.000340 -0.103073 0.000000 
3.693681 -3.552851 2.049456 2.170971 -0.574605 -1.423912 0.077378 -1.852904 1.827103 -0.569845 -0.212176 -0.534068 0.000000 1.365004 -0.457883 0.101281 1.173747 0.390251 0.083790 0.079633 -0.838175 0.875516 -0.221721 -0.264155 -0.417009 0.000000 0.174700 -0.191253 -0.033939 0.405613 -0.480793 0.253736 0.126264 -0.488576 0.290730 -0.532591 -0.275460 0.043935 0.000000 
5.599079 -4.105308 1.768162 3.274185 -0.468533 -0.786678 0.428107 -2.844146 2.776294 -1.435796 -0.794700 -1.074480 0.000000 0.633262 -0.047204 -0.263244 0.881044 0.096651 0.657529 -0.038281 -0.421711 0.469296 -0.419917 -0.665481 -0.124268 0.000000 -0.753523 0.175619 0.199442 -0.628313 0.038028 0.050340 -0.158452 0.445927 -0.364866 0.080478 -0.080801 0.385276 0.000000 
4.960205 -3.647258 1.522968 3.933060 -0.381302 -0.108853 0.000817 -2.696326 2.765694 -1.409679 -1.543138 -0.782604 0.000000 -0.142043 -0.106646 0.500165 -0.082878 0.466308 0.184470 -0.237271 0.053678 0.145784 -0.060764 -0.425756 0.353542 0.000000 -0.409946 -0.220495 0.582339 -0.845593 0.088573 -0.571240 0.163338 0.302076 -0.500104 0.266887 0.549336 0.208866 0.000000 
5.314994 -4.318601 2.768491 3.108428 0.464084 -0.417738 -0.046434 -2.736789 3.067861 -1.557325 -1.646212 -0.367396 0.000000 -0.186629 -0.488194 0.901435 -0.810141 0.273797 -0.484951 0.288394 0.182440 -0.530912 0.113857 0.433191 0.293463 0.000000 -0.513237 0.181824 0.156479 -0.205558 -0.319311 -0.146908 0.419500 0.296712 -0.542905 0.034919 0.450523 -0.054504 0.000000 
4.586948 -4.623647 3.325837 2.312778 0.166291 -1.078756 0.577605 -2.331446 1.703870 -1.181965 -0.676755 -0.195678 0.000000 -1.168517 0.257001 0.813123 -0.493995 -0.172314 -0.109347 0.601730 0.647102 -0.940027 0.009073 0.475291 0.244535 0.000000 -0.581607 0.492643 0.291691 0.164195 -0.187661 0.434186 0.191792 0.052509 0.083567 -0.115606 0.017381 -0.067780 0.000000 
2.977960 -3.804598 4.394737 2.120438 0.119455 -0.636432 1.157026 -1.442585 1.187807 -1.539179 -0.695631 0.121674 0.000000 -1.349843 0.497092 1.484816 -0.481751 -0.101525 0.383422 0.671977 0.287458 -0.363778 -0.117355 0.467954 0.157902 0.000000 -0.147584 0.311993 0.182024 -0.101228 0.016395 0.311135 -0.090915 -0.431522 0.385435 0.115323 0.119142 -0.313319 0.000000 
1.887262 -3.629462 6.295469 1.349277 -0.036759 -0.311912 1.921560 -1.756530 0.976314 -1.416675 0.259153 0.120126 0.000000 -1.463686 0.880988 1.177171 -0.696450 -0.139524 0.512923 0.419900 -0.215943 -0.169156 0.239718 0.713575 -0.382102 0.000000 -0.042542 0.072945 -1.135789 -0.013932 0.185591 0.181809 -0.386616 0.078642 0.085739 0.355701 -0.190591 -0.327439 0.000000 
0.050589 -2.042622 6.749079 0.727538 -0.159592 0.389414 1.996827 -1.874471 0.849495 -1.059742 0.731520 -0.642530 0.000000 -1.434928 0.642982 -0.786761 -0.509615 0.269657 0.747040 -0.101254 0.444742 -0.192301 0.594047 0.086772 -0.496975 0.000000 0.619625 -0.091816 -0.698102 0.099710 0.042319 -0.058833 -0.404163 0.285333 -0.090529 0.309600 -0.456409 0.320344 0.000000 
-0.982593 -2.343498 4.721946 0.330046 0.502555 1.182168 1.719051 -0.867045 0.591712 -0.228581 0.432696 -0.873823 0.000000 -0.224436 0.697356 -0.219032 -0.497031 -0.054886 0.395257 -0.388426 0.354723 -0.350214 0.858919 -0.199244 0.258586 0.000000 1.010886 0.645296 0.393751 0.186726 -0.245503 -0.339329 -0.003879 -0.261575 -0.092252 0.184152 -0.280469 0.551502 0.000000 
-0.398282 -0.647909 6.311015 -0.266523 -0.269364 1.179927 1.219976 -1.165024 0.149066 0.658095 0.333033 -0.125359 0.000000 0.586844 1.933573 0.000740 -0.136164 -0.221349 0.068383 -0.109013 -0.078408 -0.376806 0.962350 -0.474166 0.606029 0.000000 0.094479 0.300873 -0.237935 0.970120 0.358437 -0.865827 0.208367 -0.116859 0.087370 -0.367415 -0.270534 0.076197 0.000000 
0.191095 1.523648 4.723426 0.057717 0.059856 1.318933 1.501024 -1.023860 -0.161899 1.696120 -0.515635 0.338235 0.000000 -0.035478 1.299103 -0.694902 1.443209 0.661988 -1.336398 0.028308 0.121006 -0.175474 0.124088 -0.740312 0.410980 0.000000 -1.602559 -0.690709 -0.294384 0.428620 -0.037639 -0.202564 -0.112518 0.300118 0.107182 -0.581561 0.203429 -0.184409 0.000000 
-0.469239 1.950296 4.921210 2.619895 1.054612 -1.492869 1.276592 -0.923013 -0.201881 0.906271 -1.147591 0.696602 0.000000 -2.618274 0.552155 -0.588029 0.721076 -0.296627 -0.336745 -0.334049 0.521829 -0.162442 -0.200771 -0.067308 0.237211 0.000000 -1.312464 -0.203597 0.083146 -0.601349 -0.879702 1.103550 -0.284476 -0.115139 0.040124 0.195135 0.429836 -0.254507 0.000000 
-5.045452 2.627958 3.547368 1.499870 -0.533399 0.645442 0.832927 0.019797 -0.486783 1.294578 -0.650252 0.812657 0.000000 -2.660406 0.891909 -0.528610 0.240512 -1.097416 0.870703 -0.540644 -0.109272 -0.095227 0.514359 0.119361 -0.098034 0.000000 1.640959 -0.552014 -0.007715 -0.046949 0.058735 0.409872 0.183177 -0.355187 0.369952 -0.104092 0.043146 -0.236955 0.000000 
-5.790052 3.734115 3.863990 3.100919 -1.140219 0.248536 0.195304 -1.141557 -0.392335 1.934988 -0.908870 0.500533 0.000000 0.663644 -0.551874 -0.603460 0.627179 -0.179157 0.482999 0.032305 -0.188546 0.577463 -0.408955 0.018983 -0.236699 0.000000 1.562964 -1.457854 -0.253334 -0.103071 0.927894 -0.041507 0.523679 -0.028211 -0.321156 -0.515311 0.245658 0.054005 0.000000 
-3.718164 1.524210 2.340448 2.754229 -0.891713 1.611440 0.897537 -0.357295 0.668142 0.476667 -0.612286 0.339259 0.000000 0.465522 -2.023798 -1.035277 0.034371 0.758373 0.787690 0.506713 -0.165695 -0.737539 -0.516263 0.610676 0.009975 0.000000 -0.793096 -0.481684 0.243297 -0.652498 -0.060641 -0.427322 -0.021788 -0.117513 0.157364 0.360827 0.164881 -0.001075 0.000000 
-4.859007 -0.313482 1.793436 3.169660 0.376526 1.823916 1.208730 -1.472946 -1.867413 0.902462 0.312483 0.520483 0.000000 -0.922548 -1.515241 -0.116865 -0.677816 -0.300438 -0.371644 -0.011271 -0.423571 0.892190 0.312699 0.348745 -0.238850 0.000000 0.504909 0.807417 0.484558 -0.443464 -0.644712 -0.995503 -0.350316 -0.018723 0.753170 -0.132124 -0.183350 -0.085827 0.000000 
-5.563260 -1.506271 2.106719 1.398597 -1.492590 0.868151 0.874995 -1.204437 2.452523 1.102064 0.085205 -0.138440 0.000000 1.475339 -0.408964 -0.066162 -0.852557 -0.531051 -1.203317 -0.193920 -0.203141 0.768801 -0.780511 0.243976 -0.161680 0.000000 0.786037 0.973855 -0.420199 0.487902 0.545523 -0.060552 0.027885 0.044012 -0.890866 -0.343076 0.027710 0.273912 0.000000 
-1.908328 -1.131410 1.661111 1.464547 -0.685577 -0.582719 0.820891 -1.879229 -0.329810 -0.658559 0.800435 0.197124 0.000000 0.649527 0.432469 -0.957263 0.297988 0.790608 -0.492748 0.044498 -0.335547 -0.889542 -0.373454 0.404166 0.308974 0.000000 -1.060539 0.386742 -0.024110 0.597810 0.499260 0.886066 -0.034455 0.135394 -0.073811 0.868897 -0.123419 0.161868 0.000000 
-4.264206 -0.641333 0.192193 1.994573 0.088627 -0.117344 0.963990 -1.875531 0.673438 0.355157 0.893537 0.479508 0.000000 -0.645738 0.364520 -0.114383 0.343063 0.467469 0.568815 -0.262831 0.067646 0.621180 0.957283 -0.002861 0.162056 0.000000 -0.142204 -0.171314 0.624965 -0.399159 -0.564741 0.269717 0.103283 0.939211 0.602361 0.189997 -0.419056 -0.122185 0.000000 
-3.199804 -0.402370 1.432346 2.150673 0.249362 0.554912 0.295230 -1.743938 0.912549 1.256007 0.794712 0.521235 0.000000 0.365118 0.089840 0.292668 -0.500330 -0.338875 0.046686 0.251063 1.542875 0.315180 0.006540 -0.433946 0.064604 0.000000 0.672072 -0.062819 -0.336379 -0.696012 -0.295869 -0.401952 0.070179 0.429052 -0.512051 -0.755323 -0.165964 -0.180109 0.000000 
-3.533969 -0.461653 0.777530 0.993913 -0.589122 -0.023973 1.466117 1.210219 1.303799 0.368238 0.025646 0.608715 0.000000 0.698406 0.238881 -0.787140 -1.048961 -0.124270 -0.235089 -0.122472 0.925749 -0.402922 -0.553363 -0.334790 -0.198162 0.000000 0.213544 0.035757 -0.430546 -0.041049 0.258001 -0.047100 -0.505955 -1.031283 -0.376302 0.097450 0.462090 0.034258 0.000000 
-1.802992 0.075393 -0.141934 0.052750 0.000823 0.084734 0.050287 0.107561 0.106706 0.149282 0.125132 0.124911 0.000000 0.792207 0.161354 -0.568424 -0.582428 0.177128 -0.047515 -0.760847 -0.519692 -0.437425 0.201441 0.490235 0.133120 0.000000 0.901885 0.110482 0.535411 0.590823 0.105061 0.134626 0.073300 -0.460652 0.199685 0.263611 0.154704 0.082894 0.000000 
-1.949556 -0.138945 -0.359319 -0.170943 -0.234866 -0.119003 -0.055577 0.170835 0.428950 0.771120 1.006115 0.874955 0.000000 2.502177 0.459846 0.283681 0.132684 0.085853 0.034163 0.024128 0.004444 -0.003552 -0.026142 -0.025381 -0.032375 0.000000 0.891626 0.202830 0.480399 0.413480 0.013285 0.091774 0.418953 0.246249 0.136375 -0.269251 -0.478054 -0.270258 0.000000 
3.201361 0.995084 0.425429 0.318119 0.172529 0.153060 0.098544 0.116449 0.099601 0.096998 0.074370 0.060162 0.000000 2.575459 0.567014 0.392374 0.244531 0.203697 0.136032 0.077060 -0.027193 -0.164674 -0.337061 -0.465873 -0.407397 0.000000 -1.251088 -0.229923 -0.141841 -0.066342 -0.042926 -0.017081 -0.012064 -0.002222 0.001776 0.013071 0.012691 0.016187 0.000000 
3.201361 0.995084 0.425429 0.318119 0.172529 0.153060 0.098544 0.116449 0.099601 0.096998 0.074370 0.060162 0.000000 0.000000 0.000000 0.000000 0.000000 0.000000 0.000000 0.000000 0.000000 0.000000 0.000000 0.000000 0.000000 0.000000 -1.287729 -0.283507 -0.196187 -0.122266 -0.101849 -0.068016 -0.038530 0.013597 0.082337 0.168530 0.232936 0.203698 0.000000 
3.201361 0.995084 0.425429 0.318119 0.172529 0.153060 0.098544 0.116449 0.099601 0.096998 0.074370 0.060162 0.000000 0.000000 0.000000 0.000000 0.000000 0.000000 0.000000 0.000000 0.000000 0.000000 0.000000 0.000000 0.000000 0.000000 0.000000 0.000000 0.000000 0.000000 0.000000 0.000000 0.000000 0.000000 0.000000 0.000000 0.000000 0.000000 0.000000 
3.201361 0.995084 0.425429 0.318119 0.172529 0.153060 0.098544 0.116449 0.099601 0.096998 0.074370 0.060162 0.000000 0.000000 0.000000 0.000000 0.000000 0.000000 0.000000 0.000000 0.000000 0.000000 0.000000 0.000000 0.000000 0.000000 0.000000 0.000000 0.000000 0.000000 0.000000 0.000000 0.000000 0.000000 0.000000 0.000000 0.000000 0.000000 0.000000 
3.201361 0.995084 0.425429 0.318119 0.172529 0.153060 0.098544 0.116449 0.099601 0.096998 0.074370 0.060162 0.000000 0.000000 0.000000 0.000000 0.000000 0.000000 0.000000 0.000000 0.000000 0.000000 0.000000 0.000000 0.000000 0.000000 0.000000 0.000000 0.000000 0.000000 0.000000 0.000000 0.000000 0.000000 0.000000 0.000000 0.000000 0.000000 0.000000 
3.201361 0.995084 0.425429 0.318119 0.172529 0.153060 0.098544 0.116449 0.099601 0.096998 0.074370 0.060162 0.000000 0.000000 0.000000 0.000000 0.000000 0.000000 0.000000 0.000000 0.000000 0.000000 0.000000 0.000000 0.000000 0.000000 0.000000 0.000000 0.000000 0.000000 0.000000 0.000000 0.000000 0.000000 0.000000 0.000000 0.000000 0.000000 0.000000 
3.201361 0.995084 0.425429 0.318119 0.172529 0.153060 0.098544 0.116449 0.099601 0.096998 0.074370 0.060162 0.000000 0.000000 0.000000 0.000000 0.000000 0.000000 0.000000 0.000000 0.000000 0.000000 0.000000 0.000000 0.000000 0.000000 0.000000 0.000000 0.000000 0.000000 0.000000 0.000000 0.000000 0.000000 0.000000 0.000000 0.000000 0.000000 0.000000 
3.201361 0.995084 0.425429 0.318119 0.172529 0.153060 0.098544 0.116449 0.099601 0.096998 0.074370 0.060162 0.000000 0.000000 0.000000 0.000000 0.000000 0.000000 0.000000 0.000000 0.000000 0.000000 0.000000 0.000000 0.000000 0.000000 0.000000 0.000000 0.000000 0.000000 0.000000 0.000000 0.000000 0.000000 0.000000 0.000000 0.000000 0.000000 0.000000 
3.201361 0.995084 0.425429 0.318119 0.172529 0.153060 0.098544 0.116449 0.099601 0.096998 0.074370 0.060162 0.000000 0.000000 0.000000 0.000000 0.000000 0.000000 0.000000 0.000000 0.000000 0.000000 0.000000 0.000000 0.000000 0.000000 0.000000 0.000000 0.000000 0.000000 0.000000 0.000000 0.000000 0.000000 0.000000 0.000000 0.000000 0.000000 0.000000 
3.201361 0.995084 0.425429 0.318119 0.172529 0.153060 0.098544 0.116449 0.099601 0.096998 0.074370 0.060162 0.000000 0.000000 0.000000 0.000000 0.000000 0.000000 0.000000 0.000000 0.000000 0.000000 0.000000 0.000000 0.000000 0.000000 0.000000 0.000000 0.000000 0.000000 0.000000 0.000000 0.000000 0.000000 0.000000 0.000000 0.000000 0.000000 0.000000 
3.201361 0.995084 0.425429 0.318119 0.172529 0.153060 0.098544 0.116449 0.099601 0.096998 0.074370 0.060162 0.000000 0.000000 0.000000 0.000000 0.000000 0.000000 0.000000 0.000000 0.000000 0.000000 0.000000 0.000000 0.000000 0.000000 0.000000 0.000000 0.000000 0.000000 0.000000 0.000000 0.000000 0.000000 0.000000 0.000000 0.000000 0.000000 0.000000 
3.201361 0.995084 0.425429 0.318119 0.172529 0.153060 0.098544 0.116449 0.099601 0.096998 0.074370 0.060162 0.000000 0.000000 0.000000 0.000000 0.000000 0.000000 0.000000 0.000000 0.000000 0.000000 0.000000 0.000000 0.000000 0.000000 0.000000 0.000000 0.000000 0.000000 0.000000 0.000000 0.000000 0.000000 0.000000 0.000000 0.000000 0.000000 0.000000 
3.201361 0.995084 0.425429 0.318119 0.172529 0.153060 0.098544 0.116449 0.099601 0.096998 0.074370 0.060162 0.000000 0.000000 0.000000 0.000000 0.000000 0.000000 0.000000 0.000000 0.000000 0.000000 0.000000 0.000000 0.000000 0.000000 0.000000 0.000000 0.000000 0.000000 0.000000 0.000000 0.000000 0.000000 0.000000 0.000000 0.000000 0.000000 0.000000 
3.201361 0.995084 0.425429 0.318119 0.172529 0.153060 0.098544 0.116449 0.099601 0.096998 0.074370 0.060162 0.000000 0.000000 0.000000 0.000000 0.000000 0.000000 0.000000 0.000000 0.000000 0.000000 0.000000 0.000000 0.000000 0.000000 0.000000 0.000000 0.000000 0.000000 0.000000 0.000000 0.000000 0.000000 0.000000 0.000000 0.000000 0.000000 0.000000 
3.201361 0.995084 0.425429 0.318119 0.172529 0.153060 0.098544 0.116449 0.099601 0.096998 0.074370 0.060162 0.000000 0.000000 0.000000 0.000000 0.000000 0.000000 0.000000 0.000000 0.000000 0.000000 0.000000 0.000000 0.000000 0.000000 0.000000 0.000000 0.000000 0.000000 0.000000 0.000000 0.000000 0.000000 0.000000 0.000000 0.000000 0.000000 0.000000 
3.201361 0.995084 0.425429 0.318119 0.172529 0.153060 0.098544 0.116449 0.099601 0.096998 0.074370 0.060162 0.000000 0.000000 0.000000 0.000000 0.000000 0.000000 0.000000 0.000000 0.000000 0.000000 0.000000 0.000000 0.000000 0.000000 0.000000 0.000000 0.000000 0.000000 0.000000 0.000000 0.000000 0.000000 0.000000 0.000000 0.000000 0.000000 0.000000 
3.201361 0.995084 0.425429 0.318119 0.172529 0.153060 0.098544 0.116449 0.099601 0.096998 0.074370 0.060162 0.000000 0.000000 0.000000 0.000000 0.000000 0.000000 0.000000 0.000000 0.000000 0.000000 0.000000 0.000000 0.000000 0.000000 0.000000 0.000000 0.000000 0.000000 0.000000 0.000000 0.000000 0.000000 0.000000 0.000000 0.000000 0.000000 0.000000 
3.201361 0.995084 0.425429 0.318119 0.172529 0.153060 0.098544 0.116449 0.099601 0.096998 0.074370 0.060162 0.000000 0.000000 0.000000 0.000000 0.000000 0.000000 0.000000 0.000000 0.000000 0.000000 0.000000 0.000000 0.000000 0.000000 0.000000 0.000000 0.000000 0.000000 0.000000 0.000000 0.000000 0.000000 0.000000 0.000000 0.000000 0.000000 0.000000 
3.201361 0.995084 0.425429 0.318119 0.172529 0.153060 0.098544 0.116449 0.099601 0.096998 0.074370 0.060162 0.000000 0.000000 0.000000 0.000000 0.000000 0.000000 0.000000 0.000000 0.000000 0.000000 0.000000 0.000000 0.000000 0.000000 0.000000 0.000000 0.000000 0.000000 0.000000 0.000000 0.000000 0.000000 0.000000 0.000000 0.000000 0.000000 0.000000 
3.201361 0.995084 0.425429 0.318119 0.172529 0.153060 0.098544 0.116449 0.099601 0.096998 0.074370 0.060162 0.000000 0.000000 0.000000 0.000000 0.000000 0.000000 0.000000 0.000000 0.000000 0.000000 0.000000 0.000000 0.000000 0.000000 0.000000 0.000000 0.000000 0.000000 0.000000 0.000000 0.000000 0.000000 0.000000 0.000000 0.000000 0.000000 0.000000 
3.201361 0.995084 0.425429 0.318119 0.172529 0.153060 0.098544 0.116449 0.099601 0.096998 0.074370 0.060162 0.000000 0.000000 0.000000 0.000000 0.000000 0.000000 0.000000 0.000000 0.000000 0.000000 0.000000 0.000000 0.000000 0.000000 0.000000 0.000000 0.000000 0.000000 0.000000 0.000000 0.000000 0.000000 0.000000 0.000000 0.000000 0.000000 0.000000 
3.201361 0.995084 0.425429 0.318119 0.172529 0.153060 0.098544 0.116449 0.099601 0.096998 0.074370 0.060162 0.000000 0.000000 0.000000 0.000000 0.000000 0.000000 0.000000 0.000000 0.000000 0.000000 0.000000 0.000000 0.000000 0.000000 0.000000 0.000000 0.000000 0.000000 0.000000 0.000000 0.000000 0.000000 0.000000 0.000000 0.000000 0.000000 0.000000 
3.201361 0.995084 0.425429 0.318119 0.172529 0.153060 0.098544 0.116449 0.099601 0.096998 0.074370 0.060162 0.000000 0.000000 0.000000 0.000000 0.000000 0.000000 0.000000 0.000000 0.000000 0.000000 0.000000 0.000000 0.000000 0.000000 0.000000 0.000000 0.000000 0.000000 0.000000 0.000000 0.000000 0.000000 0.000000 0.000000 0.000000 0.000000 0.000000 
3.201361 0.995084 0.425429 0.318119 0.172529 0.153060 0.098544 0.116449 0.099601 0.096998 0.074370 0.060162 0.000000 0.000000 0.000000 0.000000 0.000000 0.000000 0.000000 0.000000 0.000000 0.000000 0.000000 0.000000 0.000000 0.000000 0.000000 0.000000 0.000000 0.000000 0.000000 0.000000 0.000000 0.000000 0.000000 0.000000 0.000000 0.000000 0.000000 
3.201361 0.995084 0.425429 0.318119 0.172529 0.153060 0.098544 0.116449 0.099601 0.096998 0.074370 0.060162 0.000000 0.000000 0.000000 0.000000 0.000000 0.000000 0.000000 0.000000 0.000000 0.000000 0.000000 0.000000 0.000000 0.000000 0.000000 0.000000 0.000000 0.000000 0.000000 0.000000 0.000000 0.000000 0.000000 0.000000 0.000000 0.000000 0.000000 
3.201361 0.995084 0.425429 0.318119 0.172529 0.153060 0.098544 0.116449 0.099601 0.096998 0.074370 0.060162 0.000000 0.000000 0.000000 0.000000 0.000000 0.000000 0.000000 0.000000 0.000000 0.000000 0.000000 0.000000 0.000000 0.000000 0.000000 0.000000 0.000000 0.000000 0.000000 0.000000 0.000000 0.000000 0.000000 0.000000 0.000000 0.000000 0.000000 
3.201361 0.995084 0.425429 0.318119 0.172529 0.153060 0.098544 0.116449 0.099601 0.096998 0.074370 0.060162 0.000000 0.000000 0.000000 0.000000 0.000000 0.000000 0.000000 0.000000 0.000000 0.000000 0.000000 0.000000 0.000000 0.000000 0.000000 0.000000 0.000000 0.000000 0.000000 0.000000 0.000000 0.000000 0.000000 0.000000 0.000000 0.000000 0.000000 
3.201361 0.995084 0.425429 0.318119 0.172529 0.153060 0.098544 0.116449 0.099601 0.096998 0.074370 0.060162 0.000000 0.000000 0.000000 0.000000 0.000000 0.000000 0.000000 0.000000 0.000000 0.000000 0.000000 0.000000 0.000000 0.000000 0.000000 0.000000 0.000000 0.000000 0.000000 0.000000 0.000000 0.000000 0.000000 0.000000 0.000000 0.000000 0.000000 
3.201361 0.995084 0.425429 0.318119 0.172529 0.153060 0.098544 0.116449 0.099601 0.096998 0.074370 0.060162 0.000000 0.000000 0.000000 0.000000 0.000000 0.000000 0.000000 0.000000 0.000000 0.000000 0.000000 0.000000 0.000000 0.000000 0.000000 0.000000 0.000000 0.000000 0.000000 0.000000 0.000000 0.000000 0.000000 0.000000 0.000000 0.000000 0.000000 
3.201361 0.995084 0.425429 0.318119 0.172529 0.153060 0.098544 0.116449 0.099601 0.096998 0.074370 0.060162 0.000000 0.000000 0.000000 0.000000 0.000000 0.000000 0.000000 0.000000 0.000000 0.000000 0.000000 0.000000 0.000000 0.000000 0.000000 0.000000 0.000000 0.000000 0.000000 0.000000 0.000000 0.000000 0.000000 0.000000 0.000000 0.000000 0.000000 
3.201361 0.995084 0.425429 0.318119 0.172529 0.153060 0.098544 0.116449 0.099601 0.096998 0.074370 0.060162 0.000000 0.000000 0.000000 0.000000 0.000000 0.000000 0.000000 0.000000 0.000000 0.000000 0.000000 0.000000 0.000000 0.000000 0.000000 0.000000 0.000000 0.000000 0.000000 0.000000 0.000000 0.000000 0.000000 0.000000 0.000000 0.000000 0.000000 
3.201361 0.995084 0.425429 0.318119 0.172529 0.153060 0.098544 0.116449 0.099601 0.096998 0.074370 0.060162 0.000000 0.000000 0.000000 0.000000 0.000000 0.000000 0.000000 0.000000 0.000000 0.000000 0.000000 0.000000 0.000000 0.000000 0.000000 0.000000 0.000000 0.000000 0.000000 0.000000 0.000000 0.000000 0.000000 0.000000 0.000000 0.000000 0.000000 
3.201361 0.995084 0.425429 0.318119 0.172529 0.153060 0.098544 0.116449 0.099601 0.096998 0.074370 0.060162 0.000000 0.000000 0.000000 0.000000 0.000000 0.000000 0.000000 0.000000 0.000000 0.000000 0.000000 0.000000 0.000000 0.000000 0.000000 0.000000 0.000000 0.000000 0.000000 0.000000 0.000000 0.000000 0.000000 0.000000 0.000000 0.000000 0.000000 
3.201361 0.995084 0.425429 0.318119 0.172529 0.153060 0.098544 0.116449 0.099601 0.096998 0.074370 0.060162 0.000000 0.000000 0.000000 0.000000 0.000000 0.000000 0.000000 0.000000 0.000000 0.000000 0.000000 0.000000 0.000000 0.000000 0.000000 0.000000 0.000000 0.000000 0.000000 0.000000 0.000000 0.000000 0.000000 0.000000 0.000000 0.000000 0.000000 
3.201361 0.995084 0.425429 0.318119 0.172529 0.153060 0.098544 0.116449 0.099601 0.096998 0.074370 0.060162 0.000000 0.000000 0.000000 0.000000 0.000000 0.000000 0.000000 0.000000 0.000000 0.000000 0.000000 0.000000 0.000000 0.000000 0.000000 0.000000 0.000000 0.000000 0.000000 0.000000 0.000000 0.000000 0.000000 0.000000 0.000000 0.000000 0.000000 
3.201361 0.995084 0.425429 0.318119 0.172529 0.153060 0.098544 0.116449 0.099601 0.096998 0.074370 0.060162 0.000000 0.000000 0.000000 0.000000 0.000000 0.000000 0.000000 0.000000 0.000000 0.000000 0.000000 0.000000 0.000000 0.000000 0.000000 0.000000 0.000000 0.000000 0.000000 0.000000 0.000000 0.000000 0.000000 0.000000 0.000000 0.000000 0.000000 
3.201361 0.995084 0.425429 0.318119 0.172529 0.153060 0.098544 0.116449 0.099601 0.096998 0.074370 0.060162 0.000000 0.000000 0.000000 0.000000 0.000000 0.000000 0.000000 0.000000 0.000000 0.000000 0.000000 0.000000 0.000000 0.000000 0.000000 0.000000 0.000000 0.000000 0.000000 0.000000 0.000000 0.000000 0.000000 0.000000 0.000000 0.000000 0.000000 
3.201361 0.995084 0.425429 0.318119 0.172529 0.153060 0.098544 0.116449 0.099601 0.096998 0.074370 0.060162 0.000000 0.000000 0.000000 0.000000 0.000000 0.000000 0.000000 0.000000 0.000000 0.000000 0.000000 0.000000 0.000000 0.000000 0.000000 0.000000 0.000000 0.000000 0.000000 0.000000 0.000000 0.000000 0.000000 0.000000 0.000000 0.000000 0.000000 
3.201361 0.995084 0.425429 0.318119 0.172529 0.153060 0.098544 0.116449 0.099601 0.096998 0.074370 0.060162 0.000000 0.000000 0.000000 0.000000 0.000000 0.000000 0.000000 0.000000 0.000000 0.000000 0.000000 0.000000 0.000000 0.000000 0.000000 0.000000 0.000000 0.000000 0.000000 0.000000 0.000000 0.000000 0.000000 0.000000 0.000000 0.000000 0.000000 
